958248407
946601633:MOD:@MYASS
926481296
892880365
888241119
882612913
1099213996
950999958
952761380
773131200
620019431
735566597
773125288
966078802
184917782
197205299
820994401
792383905
187951083:MIS:[SP_CO-05]_Clandestine_Sunrise.Altis.pbo
952545851
788662820
745705977
953118282
876773272
876774326
876775779
876777160
865663571
865662937
865203162
727184190
727670190
726564022
722648525
705986840
463939057
450814997
722675841:MIS:Dynamic_Recon_Ops_-_Stratis.Stratis.pbo
843425103
843577117
583496184
583544987
497660133
313041182
779520435
779568775
501966277
448333775
932255884
302765256
891433622
660460283
504916649
476065334
433613841
410243478
394169636
349220853
